score<-1:100000
scores<-score[10:100]